,Id,SalePrice 
0,1461,117685.5398749832
1,1462,165413.61060594412
2,1463,184309.6612469118
3,1464,196040.28225576313
4,1465,206847.34734054218
5,1466,177481.9338646939
6,1467,199802.40537145332
7,1468,165345.71599084447
8,1469,227887.53191588196
9,1470,115872.18542936066
10,1471,203676.96595908067
11,1472,107278.38560311968
12,1473,90115.98590955388
13,1474,146418.6644522879
14,1475,108696.20575618319
15,1476,315391.67719074915
16,1477,250153.8981350973
17,1478,286029.7738136318
18,1479,265378.39723950607
19,1480,384795.5411687316
20,1481,305500.10107148316
21,1482,212815.0613829869
22,1483,181350.6286456015
23,1484,160823.04531869845
24,1485,182038.14891651
25,1486,205893.01039567665
26,1487,292662.0474236458
27,1488,250369.63975674746
28,1489,202185.14957575448
29,1490,251148.56509788957
30,1491,193612.12066782423
31,1492,94406.47280811187
32,1493,231235.24254927243
33,1494,280102.62193380174
34,1495,270632.77642818546
35,1496,243591.82767562004
36,1497,179924.75441202807
37,1498,155517.7890065853
38,1499,163457.37616040168
39,1500,149974.77111016464
40,1501,193354.84076843836
41,1502,151952.86766384338
42,1503,290696.53561852843
43,1504,243530.7420436332
44,1505,235651.29948729387
45,1506,200794.70404006593
46,1507,259523.11723253812
47,1508,206879.99367932772
48,1509,156029.05366900546
49,1510,144538.14859160566
50,1511,166657.70846071473
51,1512,192976.59332047525
52,1513,153384.25047256687
53,1514,155044.4433152108
54,1515,226849.76746398053
55,1516,175634.03078017832
56,1517,181456.82966147916
57,1518,99645.64060585416
58,1519,243670.2789524537
59,1520,126382.11403933686
60,1521,135604.95505949127
61,1522,205499.12890223408
62,1523,85015.72648034623
63,1524,129079.95179310156
64,1525,120022.1551212946
65,1526,108104.02298592526
66,1527,94736.86192449712
67,1528,149668.26622601127
68,1529,148374.66049760458
69,1530,241543.45461255574
70,1531,138253.3300704377
71,1532,133489.6043011534
72,1533,168793.34084170923
73,1534,137571.75307271344
74,1535,177120.5845191562
75,1536,116872.48780342721
76,1537,43197.791345613485
77,1538,182818.7818164428
78,1539,208736.00898485648
79,1540,139005.23564453662
80,1541,155576.70788287354
81,1542,142622.11333462555
82,1543,211234.42147775652
83,1544,70877.63807738648
84,1545,137920.36691740545
85,1546,125161.7045352321
86,1547,139636.64334556722
87,1548,146127.52544556867
88,1549,121593.80926179531
89,1550,128765.5048785946
90,1551,142134.8992006982
91,1552,136936.3008561313
92,1553,169760.43518018496
93,1554,123035.03589873557
94,1555,159969.1887602447
95,1556,81103.95270329219
96,1557,140555.71618734725
97,1558,90055.47376308433
98,1559,79441.3016173378
99,1560,139121.28520726174
100,1561,124433.28529457335
101,1562,111031.90939933079
102,1563,123955.5807732357
103,1564,163490.84831730038
104,1565,129381.74630949175
105,1566,271133.4755890173
106,1567,57323.34049947496
107,1568,223150.27550956485
108,1569,105005.5463110967
109,1570,126388.73146128125
110,1571,100861.72119442065
111,1572,147981.73993938178
112,1573,284858.96020351764
113,1574,133068.27813128155
114,1575,256553.3770606318
115,1576,258035.66166273417
116,1577,199185.62741953513
117,1578,142042.99818267807
118,1579,146154.02003656403
119,1580,206017.94661160366
120,1581,137964.2447558854
121,1582,121250.41581197461
122,1583,321526.52448571956
123,1584,223767.12559616048
124,1585,150735.26623261772
125,1586,30976.17202947178
126,1587,95515.32265376084
127,1588,177759.40349966433
128,1589,114738.70219514932
129,1590,137091.0262771913
130,1591,102093.82478066691
131,1592,142167.22014265257
132,1593,129249.46901863563
133,1594,98668.65111402964
134,1595,102475.70384330157
135,1596,213187.1760883907
136,1597,152788.0217904249
137,1598,187777.79172355327
138,1599,216151.46669896803
139,1600,184207.66528277012
140,1601,48549.24048188544
141,1602,140423.69169423293
142,1603,76674.71531946392
143,1604,291301.0856105922
144,1605,253839.7185270702
145,1606,176926.1799412268
146,1607,168509.98468344187
147,1608,212144.81775861414
148,1609,195305.0460947308
149,1610,153287.5987340912
150,1611,153234.74354179314
151,1612,178660.69097734155
152,1613,175853.4627984708
153,1614,137585.74718774523
154,1615,87324.57219468703
155,1616,58274.69197201688
156,1617,67678.99078402383
157,1618,116935.50374593312
158,1619,143875.48760689184
159,1620,157851.4117412818
160,1621,145260.18075146183
161,1622,124552.15830013744
162,1623,288159.78318648547
163,1624,217490.79081771843
164,1625,122595.06095874956
165,1626,187954.22108664954
166,1627,204027.35678068976
167,1628,286844.30064855516
168,1629,177122.09560275087
169,1630,340032.1607657263
170,1631,213875.32699399543
171,1632,240858.68339490457
172,1633,177621.78584711402
173,1634,189164.0206006389
174,1635,178380.53506519945
175,1636,149466.67441683318
176,1637,195691.54433585724
177,1638,199311.8055557499
178,1639,205413.47558480894
179,1640,267014.3013475117
180,1641,201843.12148761397
181,1642,231091.2286193431
182,1643,231544.81667896986
183,1644,236266.9635516775
184,1645,228914.47339995633
185,1646,167676.0370748413
186,1647,175497.12051024262
187,1648,139292.33752505304
188,1649,129384.48880145309
189,1650,115728.62534047716
190,1651,114325.35650228843
191,1652,107180.98667235469
192,1653,106678.75788439735
193,1654,147451.15238185305
194,1655,138389.6332047565
195,1656,134574.6298931032
196,1657,145059.39015406123
197,1658,135727.44510330417
198,1659,124337.69118578703
199,1660,143323.67642185182
200,1661,392690.5888743691
201,1662,331645.31913914555
202,1663,344420.3379478347
203,1664,420912.0212329113
204,1665,287839.7690745797
205,1666,318791.35233094497
206,1667,315012.46627052757
207,1668,314232.926872737
208,1669,287047.81004482484
209,1670,319886.0008944995
210,1671,275755.46783879725
211,1672,380703.6143771805
212,1673,282896.60300931963
213,1674,257466.18033925592
214,1675,206919.28516575342
215,1676,207757.77718566995
216,1677,224886.1599496051
217,1678,440324.78921739355
218,1679,361521.35064562917
219,1680,286390.5247937343
220,1681,241284.36347363537
221,1682,307653.07397802174
222,1683,200440.5971407833
223,1684,185893.24793655737
224,1685,169314.53995129312
225,1686,164309.70854263342
226,1687,168989.85990885165
227,1688,197358.33797514727
228,1689,196299.91386620348
229,1690,201768.02331161112
230,1691,186143.44316270048
231,1692,251192.8035084102
232,1693,174532.27721371173
233,1694,181704.10450208592
234,1695,172067.86495355025
235,1696,283687.36778008705
236,1697,179372.10070675085
237,1698,325031.83054489014
238,1699,326006.5543852479
239,1700,248311.5404339578
240,1701,267641.7655832148
241,1702,263043.1721090358
242,1703,250847.38771540773
243,1704,290347.7645334548
244,1705,243124.78045791082
245,1706,398334.5802435455
246,1707,212898.26941952025
247,1708,217044.62355766314
248,1709,273586.82898658095
249,1710,244881.86536393917
250,1711,267840.7487391869
251,1712,264436.64534855133
252,1713,279810.88582703355
253,1714,234901.29914496755
254,1715,204770.6733653722
255,1716,196742.00505130467
256,1717,184117.49588516817
257,1718,160817.97229318085
258,1719,231863.2846869634
259,1720,263605.9872448285
260,1721,183532.75334850393
261,1722,149419.74967308386
262,1723,169110.20360885104
263,1724,216232.20613807204
264,1725,223445.36008491213
265,1726,188857.51812705953
266,1727,161546.23548349037
267,1728,180613.4792544043
268,1729,166050.7070354031
269,1730,139856.98469809254
270,1731,115047.59695821075
271,1732,109232.50758719601
272,1733,119744.87133411848
273,1734,112899.54685520305
274,1735,127738.3154000176
275,1736,74315.89708546508
276,1737,345402.3628385481
277,1738,235276.03295701634
278,1739,291302.0658009574
279,1740,229037.44106028308
280,1741,218122.08954324943
281,1742,181629.868961103
282,1743,179319.38579843377
283,1744,313082.1849482851
284,1745,237866.30364874433
285,1746,188340.1331050504
286,1747,234371.0534450671
287,1748,222859.20488411232
288,1749,135190.99094720784
289,1750,135677.86281288153
290,1751,255682.17472243516
291,1752,123111.3494469765
292,1753,167854.60139816647
293,1754,214858.7753490363
294,1755,173612.32158882808
295,1756,135055.095047843
296,1757,114758.01834275789
297,1758,141954.36510682266
298,1759,180733.52357757857
299,1760,159999.32474262264
300,1761,181440.862284651
301,1762,173082.21870214035
302,1763,182537.87663383814
303,1764,103132.61745424796
304,1765,207763.26473663616
305,1766,200175.45529872374
306,1767,243365.02435873772
307,1768,140605.65739193824
308,1769,179258.44294758173
309,1770,154660.44980703932
310,1771,116712.60283397132
311,1772,131047.59846239042
312,1773,113664.43227954494
313,1774,154088.26427234427
314,1775,139709.03167197897
315,1776,134494.40076867136
316,1777,113625.71986984933
317,1778,149479.0440852545
318,1779,118269.2446842909
319,1780,180334.30051709907
320,1781,125658.88747443195
321,1782,55235.055880938016
322,1783,127087.42795967852
323,1784,97067.31437795557
324,1785,116780.48878272373
325,1786,86888.68362093478
326,1787,160215.4798614245
327,1788,40353.16447621869
328,1789,103830.40274600958
329,1790,46531.30661069864
330,1791,194214.78136226858
331,1792,182238.25554394684
332,1793,148925.61975656377
333,1794,181752.0143906447
334,1795,149502.22953538233
335,1796,152799.71940663058
336,1797,138752.37512842924
337,1798,109995.40863193484
338,1799,104606.98465967615
339,1800,99953.59276914579
340,1801,103651.42986677884
341,1802,132488.7728671956
342,1803,156420.87889455011
343,1804,135240.17142437008
344,1805,148827.2425391279
345,1806,146966.12162147308
346,1807,138744.24936919284
347,1808,113232.49896638741
348,1809,128676.45295538072
349,1810,154481.54736907812
350,1811,91008.131344933
351,1812,113222.00736335205
352,1813,128114.17115895549
353,1814,89951.31979148829
354,1815,27767.3546553576
355,1816,101912.15349765768
356,1817,97858.29969210929
357,1818,162223.56938944044
358,1819,108951.61363936431
359,1820,57101.945249424025
360,1821,106693.04629790649
361,1822,148320.25399189777
362,1823,33090.19781168556
363,1824,142961.2605667901
364,1825,126119.3070670666
365,1826,90299.69684495503
366,1827,106930.15487528854
367,1828,144464.70355025618
368,1829,156971.18645755478
369,1830,164918.48183588972
370,1831,187665.85539352775
371,1832,100645.75188024732
372,1833,148142.08522107927
373,1834,119589.36962732516
374,1835,136337.3145086356
375,1836,150042.07838368553
376,1837,131006.55660749035
377,1838,131953.54774018662
378,1839,90324.26654467528
379,1840,169994.08299062515
380,1841,143467.4235464638
381,1842,62187.4925868109
382,1843,132212.43911143957
383,1844,133354.14217552094
384,1845,120158.87200293079
385,1846,140686.76307972646
386,1847,155370.54327648584
387,1848,31307.444339648995
388,1849,121247.70973829908
389,1850,119189.7416275547
390,1851,158221.43023283963
391,1852,122327.98746784445
392,1853,111255.94316652842
393,1854,178054.89461531522
394,1855,139840.80873951476
395,1856,233670.0863944868
396,1857,113076.04956145288
397,1858,94815.49305239198
398,1859,88106.94841379073
399,1860,128881.91083994409
400,1861,86839.06413703394
401,1862,235562.38589026532
402,1863,222688.23946375315
403,1864,222694.22882942538
404,1865,347660.6962131273
405,1866,325252.974788995
406,1867,232192.44613864107
407,1868,302650.95016429876
408,1869,225090.2689274031
409,1870,237090.89746194644
410,1871,255529.1581363438
411,1872,168274.98889299456
412,1873,249022.5150471532
413,1874,153666.59533598644
414,1875,221590.5261738094
415,1876,196934.78180773588
416,1877,218563.2996026743
417,1878,209225.86216273447
418,1879,118775.35165616934
419,1880,135470.14566711377
420,1881,260654.82169736162
421,1882,239714.93872592246
422,1883,195136.72428755983
423,1884,207250.2556871902
424,1885,258773.39638985015
425,1886,293578.4962744238
426,1887,226907.33363954627
427,1888,280817.00145720993
428,1889,168698.2544151308
429,1890,122512.7188438981
430,1891,150207.341571404
431,1892,92632.33066008118
432,1893,138920.94569481033
433,1894,98698.80218375794
434,1895,164256.562564417
435,1896,121152.06164973957
436,1897,118273.36950576102
437,1898,106347.00719870004
438,1899,148667.63677762574
439,1900,146377.77108217342
440,1901,178903.94203071468
441,1902,165125.37363977774
442,1903,207285.48752975892
443,1904,127387.94572826225
444,1905,193688.84617814908
445,1906,171478.2225335878
446,1907,232087.8155173786
447,1908,121928.25901845546
448,1909,137919.4702723586
449,1910,126662.23167497473
450,1911,197044.99963462978
451,1912,297785.0556335354
452,1913,141924.02388445215
453,1914,61003.16299175419
454,1915,289503.7984512977
455,1916,34116.43807070033
456,1917,260385.04975615986
457,1918,145755.40323136057
458,1919,194622.82423018254
459,1920,197466.72522483554
460,1921,374094.7749822463
461,1922,313884.41391062294
462,1923,247762.83967335903
463,1924,249345.56736357705
464,1925,224596.84935010245
465,1926,382403.71208615525
466,1927,128351.71962836682
467,1928,163238.47290687248
468,1929,119169.3553463355
469,1930,121362.15609173273
470,1931,153518.8666291331
471,1932,144666.0206032714
472,1933,174192.24611800336
473,1934,195080.3130992034
474,1935,175288.37040226813
475,1936,209713.23180520465
476,1937,193468.76555903698
477,1938,174063.34796808078
478,1939,251452.14284195518
479,1940,200940.90913903422
480,1941,181045.72433692578
481,1942,183798.1216057475
482,1943,227335.0788592844
483,1944,300431.1047172351
484,1945,357468.78294597473
485,1946,139164.53053215146
486,1947,297923.7079642592
487,1948,161738.82085122715
488,1949,244399.59247431962
489,1950,196644.39932473726
490,1951,281956.1929280991
491,1952,235438.8557265685
492,1953,196803.36737052794
493,1954,206216.20599110436
494,1955,141207.76213910268
495,1956,314688.6664251955
496,1957,169596.71300005447
497,1958,292425.9093773067
498,1959,116448.22042592964
499,1960,92364.93881347775
500,1961,111286.96296156116
501,1962,101444.52072797366
502,1963,122701.12333584111
503,1964,100385.43521228596
504,1965,128700.02947126282
505,1966,149414.76236354688
506,1967,284986.7766919385
507,1968,375112.6874618209
508,1969,357739.71639042464
509,1970,376382.8690757011
510,1971,404263.164037765
511,1972,337605.6999393713
512,1973,260965.34539588832
513,1974,293206.9833206225
514,1975,459848.9048518997
515,1976,291248.1295403242
516,1977,331449.7478007043
517,1978,322687.30832041777
518,1979,294488.9808269569
519,1980,207962.65388004074
520,1981,316408.9895685774
521,1982,220646.65924940538
522,1983,203695.01379924628
523,1984,187651.41313525196
524,1985,249692.96210163936
525,1986,238044.82331600273
526,1987,195340.12109628448
527,1988,177806.46097577282
528,1989,204588.56419597822
529,1990,211569.86728213506
530,1991,228094.76333963254
531,1992,239764.44930880435
532,1993,178734.3817902282
533,1994,247190.25840726285
534,1995,198425.40509907482
535,1996,266673.6289265064
536,1997,278479.8605461614
537,1998,329308.72609260236
538,1999,267328.99688404147
539,2000,298480.2231337426
540,2001,258410.10791545257
541,2002,244041.41979312338
542,2003,259478.42937551683
543,2004,276097.6805367514
544,2005,227344.22777215415
545,2006,219570.9585048312
546,2007,257743.99070690933
547,2008,230980.55538905377
548,2009,187219.90509014553
549,2010,192954.69930051523
550,2011,161775.31089576578
551,2012,178775.13518553006
552,2013,164314.1827444979
553,2014,179171.5843396905
554,2015,202300.813023626
555,2016,189905.29888764035
556,2017,200121.21868661174
557,2018,115863.02702408703
558,2019,123380.29987672518
559,2020,105448.71627008927
560,2021,93300.94821324083
561,2022,184697.72966784926
562,2023,126173.57502177928
563,2024,264149.2572173991
564,2025,355895.0636993218
565,2026,192211.90377201815
566,2027,156468.0707895552
567,2028,173668.17444025353
568,2029,177921.22506862716
569,2030,270202.4292916219
570,2031,252754.05721697572
571,2032,246473.96247596608
572,2033,256110.38811328297
573,2034,168311.42272556934
574,2035,234796.5847244513
575,2036,219539.1404051797
576,2037,224551.75626200356
577,2038,296446.2369488664
578,2039,244367.7833080924
579,2040,326066.7818971074
580,2041,270566.7116934401
581,2042,218815.29835747206
582,2043,173349.0059352119
583,2044,204452.78634183854
584,2045,222544.72842776275
585,2046,128993.39346198842
586,2047,126019.58538221905
587,2048,135509.15503151028
588,2049,113967.48544689431
589,2050,175504.57141931262
590,2051,105314.82420868741
591,2052,123465.22510319843
592,2053,141499.16099809855
593,2054,78977.14695629594
594,2055,169192.8944724825
595,2056,136739.6171495386
596,2057,101223.3698381707
597,2058,213479.0374259028
598,2059,120654.37899912102
599,2060,199555.27562011674
600,2061,182614.82058396377
601,2062,118363.28854635125
602,2063,96506.794534315
603,2064,138548.71777554543
604,2065,139598.13379847782
605,2066,172200.20730557945
606,2067,109022.1158675556
607,2068,130514.66746081004
608,2069,83695.02271819476
609,2070,109035.88075787562
610,2071,84841.07278910058
611,2072,145368.74841208954
612,2073,120663.39371533727
613,2074,184683.00539834076
614,2075,158954.75025205908
615,2076,131720.72836850723
616,2077,146299.213256879
617,2078,110604.2109650065
618,2079,138688.32729473175
619,2080,117175.17780955136
620,2081,118101.88737393799
621,2082,119560.46653375367
622,2083,147092.14155005733
623,2084,94263.05789190007
624,2085,107302.22210261296
625,2086,142119.05210307846
626,2087,135770.5907485172
627,2088,108948.30193351873
628,2089,60793.18987474218
629,2090,124535.8870046169
630,2091,97423.80281185778
631,2092,155825.68257603538
632,2093,159520.25389286038
633,2094,132254.9163744084
634,2095,138304.15277744376
635,2096,86683.42631053156
636,2097,100362.67235609284
637,2098,151761.55742814578
638,2099,32875.06870446156
639,2100,61977.61589393322
640,2101,99055.22547287482
641,2102,151749.63423985324
642,2103,85306.46693960682
643,2104,147910.71258730115
644,2105,143728.74074336502
645,2106,40149.86800885538
646,2107,201240.76331877848
647,2108,123160.35469791363
648,2109,106761.70721033879
649,2110,138603.9189255793
650,2111,168319.92651297152
651,2112,139768.03900026612
652,2113,106510.05273222853
653,2114,110010.43269908917
654,2115,164165.4541951624
655,2116,138130.4747985747
656,2117,153739.94088811788
657,2118,105550.15006482147
658,2119,120816.29666223202
659,2120,98351.40117051674
660,2121,104075.68584973447
661,2122,102336.41851746861
662,2123,88581.93231340125
663,2124,183558.27048247564
664,2125,145056.87650136708
665,2126,134699.39385159535
666,2127,197800.91897758318
667,2128,147850.15638721653
668,2129,123796.89021455962
669,2130,135416.75453941466
670,2131,129513.97472933365
671,2132,136894.96819975285
672,2133,132249.92916582734
673,2134,122403.72887260071
674,2135,115672.38441769895
675,2136,49178.2363418981
676,2137,100935.65474817727
677,2138,125705.26357781398
678,2139,135990.04001626023
679,2140,140095.85167900042
680,2141,176469.36081782298
681,2142,114669.79347546841
682,2143,155881.04708901688
683,2144,125595.21181298757
684,2145,127079.89120381919
685,2146,210790.82655573112
686,2147,163801.7301295984
687,2148,159967.31063927303
688,2149,158669.062283147
689,2150,243460.94599731395
690,2151,116463.84112670703
691,2152,230427.63196044776
692,2153,179627.67233321664
693,2154,130161.29991646705
694,2155,155934.2601354703
695,2156,250986.1282164927
696,2157,250947.03573553776
697,2158,242457.64215850574
698,2159,215563.23290236923
699,2160,178641.3509260855
700,2161,252308.71328007837
701,2162,411661.0711620576
702,2163,327910.3378426756
703,2164,259054.25410199608
704,2165,228545.44401186914
705,2166,164607.41643060197
706,2167,232660.40173483547
707,2168,189258.75097852526
708,2169,189864.8306327588
709,2170,213896.79971610464
710,2171,148554.05553826387
711,2172,135245.0038117183
712,2173,186664.54891733103
713,2174,233718.89402867213
714,2175,296496.1175892649
715,2176,320176.1702292713
716,2177,253121.57447689387
717,2178,215267.7519260269
718,2179,148741.39766353462
719,2180,257676.4851852149
720,2181,200732.07736523217
721,2182,238419.76469971845
722,2183,194721.9108917847
723,2184,137767.0111760567
724,2185,123816.49157345365
725,2186,171718.35139188205
726,2187,163585.11444669694
727,2188,162952.26536331396
728,2189,175234.42671254685
729,2190,72348.62097118556
730,2191,66212.25190818019
731,2192,95276.15956403583
732,2193,122273.20309488825
733,2194,112087.02998878306
734,2195,101412.73981298879
735,2196,83894.10551885131
736,2197,117076.57373524085
737,2198,178296.9436744427
738,2199,168611.035051167
739,2200,153361.7839592091
740,2201,128889.38688148698
741,2202,193691.15868350933
742,2203,123985.73101726652
743,2204,166006.31306418614
744,2205,109738.53598188341
745,2206,143415.48421647097
746,2207,219065.37369458133
747,2208,237448.35574870568
748,2209,231746.84338968806
749,2210,137046.007694675
750,2211,136527.85508264776
751,2212,116977.4353804026
752,2213,103379.96854713536
753,2214,142652.0156944662
754,2215,103248.13019415794
755,2216,142002.0790118149
756,2217,36434.91673447541
757,2218,72081.84394572186
758,2219,65859.21148156677
759,2220,65051.53755965328
760,2221,290486.22539284895
761,2222,279598.63197284914
762,2223,294861.3543657437
763,2224,222659.88157108077
764,2225,92048.92859808228
765,2226,210962.18885753397
766,2227,211834.54327239783
767,2228,300412.6891803297
768,2229,248453.94278793188
769,2230,145882.761251415
770,2231,211383.23145882855
771,2232,188154.66726489714
772,2233,183792.9217252304
773,2234,244329.42263222847
774,2235,231777.9640033726
775,2236,278760.9236445569
776,2237,320341.2295779353
777,2238,228217.8965537747
778,2239,145204.5069026883
779,2240,163987.344940005
780,2241,148107.08385892247
781,2242,133154.2869381432
782,2243,117215.45830751315
783,2244,90907.04088337976
784,2245,104490.60596612806
785,2246,138302.53762736684
786,2247,138686.5372901071
787,2248,124101.51196875889
788,2249,115356.74870206532
789,2250,131292.89147510787
790,2251,84206.41444190801
791,2252,209152.5835031279
792,2253,166149.27971549833
793,2254,180546.23376057146
794,2255,208636.0962950032
795,2256,182665.26120894414
796,2257,193897.26973228995
797,2258,161942.90037944727
798,2259,190649.17704071722
799,2260,182889.28147699137
800,2261,192101.14735106542
801,2262,242601.14092211577
802,2263,316833.6143199613
803,2264,365354.6022785953
804,2265,204231.61486289906
805,2266,277786.2288415211
806,2267,393878.4746367787
807,2268,368475.36265105754
808,2269,164951.07414948882
809,2270,188435.93359014287
810,2271,242902.00290217914
811,2272,219502.62022589997
812,2273,168435.15634055226
813,2274,192049.92554949992
814,2275,188647.05230164656
815,2276,210744.66879321705
816,2277,198064.13214429165
817,2278,169933.36828211905
818,2279,89062.6077932301
819,2280,120146.93882578879
820,2281,169333.50763548247
821,2282,195323.30367867404
822,2283,117571.51954813662
823,2284,90759.52265572513
824,2285,151983.17033104587
825,2286,119917.27028009831
826,2287,335882.69486747775
827,2288,264295.15570909565
828,2289,353664.7542955789
829,2290,385189.71014111955
830,2291,290708.3054262223
831,2292,390351.1373971114
832,2293,389418.9072223406
833,2294,353897.353428534
834,2295,414727.66340449266
835,2296,272264.36113898375
836,2297,299073.92279168125
837,2298,328446.2871813015
838,2299,329397.215004771
839,2300,298793.77939761337
840,2301,266319.80389040895
841,2302,252389.89111666125
842,2303,242167.45466264093
843,2304,248911.02265257144
844,2305,208287.29906584078
845,2306,211927.16652208357
846,2307,206137.5477628737
847,2308,236437.32749134058
848,2309,264819.6488933201
849,2310,201240.7601692566
850,2311,225427.9488691612
851,2312,170205.1301429451
852,2313,171147.24039205746
853,2314,180419.41013449838
854,2315,172727.84253995877
855,2316,191450.59856801946
856,2317,195543.47151130065
857,2318,169149.45827895356
858,2319,181861.68199579115
859,2320,179554.93291482027
860,2321,267687.3892285499
861,2322,187662.63564523403
862,2323,209575.56606331898
863,2324,186075.5713964675
864,2325,210355.69287126733
865,2326,179506.0170806906
866,2327,195395.22778377542
867,2328,226126.30517974764
868,2329,193696.85618207103
869,2330,189417.0468947353
870,2331,326415.7142463848
871,2332,365440.6193619212
872,2333,303753.7245555131
873,2334,246430.71968166553
874,2335,252679.63577884843
875,2336,307721.4754244196
876,2337,185920.72141745512
877,2338,249853.45201169327
878,2339,229253.56538507843
879,2340,376873.67712475616
880,2341,205408.12233048398
881,2342,237720.5811486788
882,2343,225771.56332637463
883,2344,227507.41236681014
884,2345,246244.35400490754
885,2346,213254.06867886859
886,2347,199173.7022073269
887,2348,239823.2217263088
888,2349,167991.05652539618
889,2350,280415.9033639496
890,2351,248452.21393599
891,2352,265777.36287707614
892,2353,258988.1371125169
893,2354,161630.19637207303
894,2355,173048.31707120058
895,2356,158766.519144392
896,2357,201343.70708364598
897,2358,205855.0007710636
898,2359,123845.91079459584
899,2360,118216.65169713332
900,2361,156370.7449681419
901,2362,270296.6474070442
902,2363,155171.60382170638
903,2364,193788.91786565562
904,2365,232981.20060340164
905,2366,194792.75732169347
906,2367,220239.3017363021
907,2368,210297.79000777833
908,2369,231296.04798376386
909,2370,171967.89448463428
910,2371,157335.5904575491
911,2372,201772.4489813184
912,2373,287741.1693269687
913,2374,308687.0815105266
914,2375,269313.8557062966
915,2376,320165.091631162
916,2377,344539.80566400127
917,2378,146742.37460693764
918,2379,233512.2498998352
919,2380,160301.10667977622
920,2381,194324.77210667345
921,2382,234819.99264943053
922,2383,224349.84733307804
923,2384,250664.01568195992
924,2385,174262.05695607874
925,2386,130416.4212497042
926,2387,120225.57139867602
927,2388,91050.23246113153
928,2389,139995.23834197782
929,2390,164045.15665796888
930,2391,144828.29610906623
931,2392,108955.08565939276
932,2393,186141.7306930176
933,2394,137450.6642151851
934,2395,195706.3361568005
935,2396,140393.4576743308
936,2397,225125.70672063797
937,2398,137737.86945285706
938,2399,52409.41939359659
939,2400,33871.58493185451
940,2401,123652.98851118924
941,2402,144371.78654279734
942,2403,127438.95381111384
943,2404,132514.45441691636
944,2405,164192.97402413515
945,2406,147451.95685083943
946,2407,136255.9561362809
947,2408,150132.46204931708
948,2409,117751.84317293763
949,2410,182810.9233667577
950,2411,110163.01115753083
951,2412,159901.68796053797
952,2413,119146.88825542945
953,2414,149189.44921480038
954,2415,125875.49708891404
955,2416,144506.19633701094
956,2417,132977.0972557346
957,2418,123024.17959998467
958,2419,116054.69044238457
959,2420,111153.94343908294
960,2421,151189.09415151842
961,2422,112429.22430183704
962,2423,114524.93696585181
963,2424,123129.97255019937
964,2425,226712.66267521936
965,2426,160570.4256943222
966,2427,126358.7517001708
967,2428,170896.18353842234
968,2429,91630.2874640983
969,2430,126107.19127059483
970,2431,104697.66308240383
971,2432,131906.16221259593
972,2433,141894.8333515128
973,2434,137762.22883527016
974,2435,162216.11766938563
975,2436,78702.51022747392
976,2437,105088.31306386576
977,2438,104584.93260954611
978,2439,123293.57310781139
979,2440,139629.2506683322
980,2441,119809.78161989572
981,2442,103995.83027164417
982,2443,144430.9668692695
983,2444,142682.0836192756
984,2445,71327.20253593591
985,2446,132299.61840048013
986,2447,208078.59715793026
987,2448,142582.48140936333
988,2449,114596.5039420909
989,2450,161296.2636274018
990,2451,128861.53892205202
991,2452,209785.01367784175
992,2453,73068.32804480044
993,2454,126024.43355291872
994,2455,145389.3775942832
995,2456,150111.44907973125
996,2457,131823.58131093835
997,2458,110788.4601596708
998,2459,114006.91871548165
999,2460,147590.57870319055
1000,2461,117236.16293470701
1001,2462,134073.62778786535
1002,2463,132791.84013009956
1003,2464,177626.02655499137
1004,2465,145049.5163472531
1005,2466,101825.82636274083
1006,2467,137054.5821847819
1007,2468,71367.13189822953
1008,2469,81006.30435622047
1009,2470,197412.80466152937
1010,2471,222486.5370657422
1011,2472,186960.21197440487
1012,2473,124502.7105694164
1013,2474,72550.79014896078
1014,2475,225285.85245206265
1015,2476,113573.29076214053
1016,2477,117026.19801169599
1017,2478,170353.9338057118
1018,2479,82253.48647068767
1019,2480,138405.77161019517
1020,2481,110165.81222113105
1021,2482,126117.01439027255
1022,2483,84847.60231107846
1023,2484,125498.47670072247
1024,2485,110674.16920481063
1025,2486,141427.0966913863
1026,2487,187304.16708829906
1027,2488,178184.6223749154
1028,2489,162605.00302368577
1029,2490,124380.67117764731
1030,2491,93073.41222934856
1031,2492,202051.7681387812
1032,2493,145944.96158164146
1033,2494,166658.46244668937
1034,2495,76585.16002322268
1035,2496,241154.83754253737
1036,2497,164185.224495393
1037,2498,101705.6418016043
1038,2499,78281.16448619578
1039,2500,114391.91349028982
1040,2501,134436.0710632801
1041,2502,149575.57605628227
1042,2503,97498.0897679032
1043,2504,169154.85593567987
1044,2505,232125.65854003
1045,2506,262098.4336423889
1046,2507,302082.81111159734
1047,2508,261432.7141254756
1048,2509,222440.2731549018
1049,2510,222507.87019830872
1050,2511,196180.34282144497
1051,2512,221141.65987071628
1052,2513,228424.22054507805
1053,2514,287338.4646539262
1054,2515,166665.22323576955
1055,2516,169547.57326758606
1056,2517,157730.34500206937
1057,2518,158890.02914337115
1058,2519,249460.8499530725
1059,2520,226844.96705922775
1060,2521,193418.13539045106
1061,2522,222943.72260606522
1062,2523,119775.26030075748
1063,2524,121165.1976200944
1064,2525,139093.08857912698
1065,2526,141190.5612340091
1066,2527,93146.61972621444
1067,2528,120090.0511327968
1068,2529,122635.20513900439
1069,2530,119568.8447689591
1070,2531,278607.6668792169
1071,2532,228014.04108568304
1072,2533,200591.02628938342
1073,2534,264961.3138176092
1074,2535,283078.7638058746
1075,2536,235916.39409887046
1076,2537,277901.7624033601
1077,2538,182734.47745656013
1078,2539,203726.69050082995
1079,2540,177487.80181183876
1080,2541,185915.4130571501
1081,2542,152981.5485757941
1082,2543,132109.58247850358
1083,2544,129554.12536280416
1084,2545,131549.07497401733
1085,2546,163224.83001659776
1086,2547,161178.29322695686
1087,2548,142255.9188791467
1088,2549,163563.69448768487
1089,2550,436417.40004821145
1090,2551,159449.6631177042
1091,2552,136587.23812237114
1092,2553,61349.629899363965
1093,2554,83600.86927872419
1094,2555,120605.69370006176
1095,2556,92089.83623384207
1096,2557,110712.50670308794
1097,2558,166672.45712868313
1098,2559,135287.45618123887
1099,2560,168349.3477417488
1100,2561,145808.6077895579
1101,2562,144677.69600694114
1102,2563,141088.15577893716
1103,2564,184634.54762924893
1104,2565,160845.1585664571
1105,2566,140210.22581377078
1106,2567,123485.93895983242
1107,2568,211924.05311275262
1108,2569,232443.08986947592
1109,2570,127790.71368212497
1110,2571,178434.3480330489
1111,2572,190855.2794393046
1112,2573,228465.455539059
1113,2574,252643.3399851711
1114,2575,145511.3855516679
1115,2576,144553.2199083697
1116,2577,179240.23066720762
1117,2578,95315.18496799853
1118,2579,29967.11216763011
1119,2580,100027.0464951098
1120,2581,133212.65068794996
1121,2582,152530.27110815106
1122,2583,308088.09236365696
1123,2584,199528.53410622396
1124,2585,191037.20809319045
1125,2586,257660.88440557767
1126,2587,233756.3347488041
1127,2588,151824.7622653055
1128,2589,162556.05047850858
1129,2590,224561.82690046192
1130,2591,241676.42228375224
1131,2592,233982.73965617374
1132,2593,269524.5361786508
1133,2594,188889.99483262515
1134,2595,208617.96808161074
1135,2596,322750.3820257031
1136,2597,187722.01921553712
1137,2598,266100.41883745603
1138,2599,329526.3714555048
1139,2600,187575.46474182198
1140,2601,151845.58123152575
1141,2602,52929.80390770291
1142,2603,75845.70849266078
1143,2604,77341.89041299652
1144,2605,45349.77495463833
1145,2606,152123.1388504844
1146,2607,214203.19480062067
1147,2608,220930.2126611392
1148,2609,170546.50908706558
1149,2610,126356.53531316412
1150,2611,157643.77309667994
1151,2612,180619.6487581177
1152,2613,131806.30598195957
1153,2614,111480.0031434109
1154,2615,170155.1577469651
1155,2616,161281.95927245685
1156,2617,225105.88689360736
1157,2618,260445.92557990344
1158,2619,232328.79639582898
1159,2620,188576.9745320047
1160,2621,185701.76056019453
1161,2622,192879.60651534496
1162,2623,239945.05888056642
1163,2624,294521.8532644964
1164,2625,278245.4173981601
1165,2626,178047.04147498336
1166,2627,167370.06648976126
1167,2628,409274.6957121738
1168,2629,399775.3542619711
1169,2630,333130.80605386104
1170,2631,401200.3037703915
1171,2632,346277.3364325566
1172,2633,306514.18004896236
1173,2634,373390.2097768432
1174,2635,161349.89841589393
1175,2636,181284.62677532146
1176,2637,206101.80702125808
1177,2638,268855.92886072595
1178,2639,192334.60256694167
1179,2640,162149.95805390438
1180,2641,82946.91485957953
1181,2642,201961.94942914057
1182,2643,108336.97740234772
1183,2644,120046.589679603
1184,2645,109278.13467605948
1185,2646,103462.3176992184
1186,2647,114286.08488217962
1187,2648,142451.66302529062
1188,2649,154936.45109408806
1189,2650,136886.49553806288
1190,2651,127821.46131020109
1191,2652,352268.0378491711
1192,2653,255888.52602413986
1193,2654,245026.2006827011
1194,2655,385982.4617558734
1195,2656,295551.98891378776
1196,2657,306237.8660729942
1197,2658,268251.2073432851
1198,2659,287935.8230474028
1199,2660,301563.2588121353
1200,2661,337759.069257776
1201,2662,353364.04152660817
1202,2663,280500.1111851281
1203,2664,250879.44183477134
1204,2665,320989.85065082996
1205,2666,269285.60430512414
1206,2667,172497.16478521904
1207,2668,186080.0661279145
1208,2669,182647.64514133966
1209,2670,266213.9408276967
1210,2671,189021.7456408141
1211,2672,187519.20069978622
1212,2673,210096.98414478652
1213,2674,224528.92099772117
1214,2675,175498.53061133556
1215,2676,192700.32506683122
1216,2677,219470.1676432536
1217,2678,243608.0654744618
1218,2679,261455.01212397093
1219,2680,275884.5907607111
1220,2681,350249.48022803804
1221,2682,308959.21371924155
1222,2683,462404.82433516975
1223,2684,299298.5374113072
1224,2685,317859.26278902823
1225,2686,256579.63066597274
1226,2687,305569.2723265155
1227,2688,205663.8535786105
1228,2689,216665.99906672727
1229,2690,372106.70342731173
1230,2691,192346.88110089072
1231,2692,162930.90409951113
1232,2693,195725.40266803515
1233,2694,165217.27817411945
1234,2695,198030.81798825707
1235,2696,183398.02368482578
1236,2697,193083.0257612921
1237,2698,213054.45647174286
1238,2699,186643.75843846033
1239,2700,158545.69258518648
1240,2701,153541.17906358678
1241,2702,103001.54650069005
1242,2703,115897.75471936294
1243,2704,169053.14227618524
1244,2705,115199.05260782514
1245,2706,93496.07748307497
1246,2707,138846.85399326755
1247,2708,131327.16758836678
1248,2709,126639.79336272308
1249,2710,120278.08197975333
1250,2711,300391.5888261087
1251,2712,376600.70594915864
1252,2713,187402.4838953539
1253,2714,159060.8837188996
1254,2715,183556.26984032177
1255,2716,147864.9708103127
1256,2717,203377.16168132183
1257,2718,227911.40727789912
1258,2719,160130.12748176864
1259,2720,203421.20547285202
1260,2721,121059.46307806543
1261,2722,141584.9447689356
1262,2723,152769.5108016739
1263,2724,112473.93054258986
1264,2725,126835.55352582561
1265,2726,137819.27576187535
1266,2727,204062.34391220534
1267,2728,183490.92860652113
1268,2729,135680.2334590765
1269,2730,142875.82228915257
1270,2731,128623.46028265485
1271,2732,128729.78877120616
1272,2733,182139.77995112134
1273,2734,162557.0394464487
1274,2735,139412.86193302975
1275,2736,139711.38195563157
1276,2737,122694.10937316215
1277,2738,119029.38056711364
1278,2739,158176.0156232424
1279,2740,154827.06355790843
1280,2741,127345.95553117979
1281,2742,166260.5361566034
1282,2743,162575.90008037645
1283,2744,162857.55493950334
1284,2745,152359.65720766704
1285,2746,122329.57291808352
1286,2747,164549.3142981888
1287,2748,117924.76633781451
1288,2749,134062.45018125977
1289,2750,115952.07689865993
1290,2751,129277.13337630057
1291,2752,224877.12991469647
1292,2753,167064.83894785706
1293,2754,251120.40701832183
1294,2755,133846.14577882807
1295,2756,81186.56696846616
1296,2757,59961.64333207917
1297,2758,81685.06744532939
1298,2759,161760.00303761606
1299,2760,114136.91570980218
1300,2761,137360.8616976369
1301,2762,150211.2804166272
1302,2763,213617.29048286614
1303,2764,175500.81824925137
1304,2765,309859.53983910824
1305,2766,133597.33886146022
1306,2767,38648.44648613164
1307,2768,115749.95241299982
1308,2769,130659.20505711541
1309,2770,169187.1124244456
1310,2771,98973.27402084274
1311,2772,128355.53822655615
1312,2773,147655.91682523282
1313,2774,158619.69361506464
1314,2775,132783.54474223766
1315,2776,148675.06638107137
1316,2777,145409.2803380463
1317,2778,139638.73093606046
1318,2779,104598.23542368342
1319,2780,121835.93852352782
1320,2781,102692.93710896163
1321,2782,83356.32188248134
1322,2783,88343.46315655496
1323,2784,123690.83458418981
1324,2785,115050.75160125771
1325,2786,44801.386016184115
1326,2787,126331.8993082908
1327,2788,57235.37809942395
1328,2789,177165.01454802652
1329,2790,101554.10681782058
1330,2791,104273.06627250742
1331,2792,87258.30927984719
1332,2793,188323.35522345782
1333,2794,64208.23623582488
1334,2795,119477.3485261515
1335,2796,94016.24524425867
1336,2797,208475.85861726283
1337,2798,121905.64046716667
1338,2799,113501.91333452996
1339,2800,74025.18549040763
1340,2801,123694.19452960661
1341,2802,125612.99046887457
1342,2803,153515.80059473022
1343,2804,139710.68592449816
1344,2805,107545.43672081991
1345,2806,72901.18395911576
1346,2807,179742.4334432682
1347,2808,148824.19804094188
1348,2809,125262.85371039761
1349,2810,129464.79856599728
1350,2811,174451.95537047708
1351,2812,191057.5001614016
1352,2813,130598.45506658137
1353,2814,128507.44793453498
1354,2815,111024.9950310553
1355,2816,249104.37721280675
1356,2817,160548.58386860418
1357,2818,116141.68631213706
1358,2819,206366.2513469019
1359,2820,136535.644080688
1360,2821,112780.74773260858
1361,2822,201683.88587312473
1362,2823,319502.0103454755
1363,2824,203177.29563288964
1364,2825,143816.2163802885
1365,2826,129374.43217985192
1366,2827,126493.8558093796
1367,2828,226711.37180513822
1368,2829,221174.95118909646
1369,2830,250720.19179711843
1370,2831,203356.67029958675
1371,2832,264375.7303964776
1372,2833,290964.43054156797
1373,2834,230529.064468139
1374,2835,232656.3699292293
1375,2836,199549.35172308018
1376,2837,183880.54084075792
1377,2838,147979.82172269284
1378,2839,163352.3521607785
1379,2840,217102.86298114914
1380,2841,208762.41632490445
1381,2842,227507.64358847102
1382,2843,141086.3259622186
1383,2844,175488.19718538263
1384,2845,125165.26496731944
1385,2846,206937.90863066984
1386,2847,211356.42749619627
1387,2848,249883.54046504703
1388,2849,203233.89332929443
1389,2850,277560.8415264541
1390,2851,214158.7081672121
1391,2852,241459.68365106292
1392,2853,225837.4605044844
1393,2854,148336.99126010927
1394,2855,219624.0972289789
1395,2856,198510.80920031448
1396,2857,189223.9980724659
1397,2858,213530.13543618764
1398,2859,80627.49569117313
1399,2860,175047.8814127014
1400,2861,154039.65021571322
1401,2862,210175.0506605725
1402,2863,165297.76803664587
1403,2864,253844.94674370057
1404,2865,150401.05643798984
1405,2866,183650.74650394954
1406,2867,68583.17998311808
1407,2868,126725.31998955464
1408,2869,101485.59282201942
1409,2870,126820.30218155042
1410,2871,74391.05577566952
1411,2872,-864.122361359885
1412,2873,93753.21996699926
1413,2874,152138.8051056712
1414,2875,120835.72830828442
1415,2876,162066.12209599584
1416,2877,160524.75065008705
1417,2878,158323.13942891176
1418,2879,137757.5155512863
1419,2880,84794.45118054736
1420,2881,140180.74371546463
1421,2882,181812.34361965852
1422,2883,184774.99637798514
1423,2884,206136.29133689756
1424,2885,168401.40756131863
1425,2886,216291.10093565835
1426,2887,117281.18217832834
1427,2888,148360.19716727015
1428,2889,54742.85579291871
1429,2890,71658.6370517104
1430,2891,134693.32516086334
1431,2892,43784.63629000913
1432,2893,90960.93845302763
1433,2894,60785.225759226014
1434,2895,318846.80958379013
1435,2896,295634.7451925045
1436,2897,229018.77657045625
1437,2898,152496.34221404945
1438,2899,223188.85015679736
1439,2900,162505.73311271102
1440,2901,233391.2347944505
1441,2902,208775.8220234042
1442,2903,312831.60597703746
1443,2904,338632.9651773735
1444,2905,59130.79533727397
1445,2906,225322.13299938678
1446,2907,103074.2398165908
1447,2908,110904.00650397688
1448,2909,143197.88600928095
1449,2910,75677.73350224632
1450,2911,51457.85148571874
1451,2912,150815.5031319949
1452,2913,66546.99498958269
1453,2914,65878.1685443283
1454,2915,80309.95416502061
1455,2916,67781.8091182377
1456,2917,186188.42584621467
1457,2918,123206.45780460956
1458,2919,242022.1608940453
