0.23166666666666663
0.43809523809523804
0.5375000000000001
0.25
0.33214285714285713
0.0625
0.09047619047619046
0.014285714285714285
0.44285714285714284
0.0875
0.017857142857142856
0.2
0.0
0.5
1.0
0.16666666666666666
0.07142857142857142
0.3333333333333333
0.0
0.34259259259259256
0.0
0.0
0.09166666666666665
0.3333333333333333
0.6322751322751322
0.13888888888888887
0.1574074074074074
0.0
0.35
0.07142857142857142
0.0
0.0
0.6388888888888888
0.05416666666666667
0.0
0.6111111111111112
0.0
0.02
0.125
0.025
0.5555555555555555
0.11111111111111112
0.3833333333333333
0.0
0.125
0.2384126984126984
0.21051587301587302
0.23611111111111108
0.07142857142857142
0.0
0.2
0.0
0.1875
0.1111111111111111
0.03666666666666667
0.07222222222222222
0.0
0.13425925925925924
0.025
0.32
0.3
0.0
0.0
0.5
0.025
0.025
0.0125
0.03333333333333333
0.0
0.05
0.0625
0.1
0.32166666666666666
0.041666666666666664
0.0
0.0
0.2222222222222222
0.7222222222222222
0.025
0.0
0.8333333333333333
0.4
0.05
0.3
0.125
0.5833333333333333
0.0
0.6496031746031746
0.027777777777777776
0.05
0.22433862433862434
0.3822222222222222
0.5
0.4196428571428571
0.5
0.4958730158730159
0.1595238095238095
0.0
0.18333333333333335
 0.1962962962962963
 0.5771825396825396
 0.08333333333333333
 0.0
 0.1
 0.3833333333333333
 0.4
 0.10476190476190476
 0.6321428571428571
 0.0
 0.08333333333333333
 0.10476190476190476
 0.25
 0.041666666666666664
 0.0
 0.0
 0.02857142857142857
 0.0
 0.17777777777777778
 1.0
 0.2111111111111111
 0.4773809523809524
 0.14007936507936508
 0.0
 0.0
 0.05
 0.20833333333333331
 0.05
 0.0
 0.3880952380952381
 0.2
 0.05625
 0.4422222222222222
 0.26785714285714285
 0.16666666666666666
 0.4158730158730159
 0.4666666666666666
 0.1875
 0.1
 0.0
 0.13888888888888887
 0.05555555555555555
 0.0
 0.5
 0.13333333333333333
 0.028571428571428574
 0.5833333333333333
 0.23380952380952377
 0.16666666666666666
 0.16190476190476188
 0.8333333333333333
 0.0
 0.0
 0.2738095238095238
 0.6111111111111112
 0.08333333333333333
 0.49071428571428566
 0.2
 0.25
 0.041666666666666664
 0.1
 0.43333333333333335
 0.20833333333333331
 0.20634920634920637
 0.40625
 0.39285714285714285
 0.0
 0.75
 0.0625
 0.20833333333333331
 0.611111111111111
 0.5888888888888889
 0.6791666666666667
 1.0
 0.02222222222222222
 0.0
 0.0
 0.6746031746031745
 0.25
 0.20833333333333331
 0.2738095238095238
 0.2
 0.5833333333333333
 0.4979761904761905
 0.21428571428571427
 0.5537037037037036
 0.01111111111111111
 0.13888888888888887
 0.29555555555555557
 0.018518518518518517
 0.4
 0.01111111111111111
 0.49999999999999994
 0.7253086419753086
 0.041666666666666664
 0.06666666666666667
 0.05333333333333333
 0.4666666666666666
 0.25
 0.041666666666666664
 0.1111111111111111
 0.26
 0.16999999999999998
 0.11666666666666665
 0.0
 0.7
 0.24074074074074073
 0.05
 0.5656084656084656
 0.014285714285714285
 0.19444444444444442
 0.0
 0.4196428571428571
 0.43
 0.125
 0.0
 0.0
 0.07722222222222222
 0.025
 0.0
 0.1
 0.2375
 0.6071428571428572
 0.44166666666666665
 0.0125
 0.125